Score: 24
Life: 0
Speed: -15
AgentPosX: 325.000000
EnemyPosX: 535.000000
