Score: 35
Life: 1
Speed: -18
AgentPosX: 465.000000
EnemyPosX: 130.000000
Obstacle1PosX: 6.000000
Obstacle1PosY: 768.000000
Obstacle2PosX: 996.000000
Obstacle2PosY: 600.000000
LifeX: 1280.000000
