Score: 0
Life: 3
Speed: -15
AgentPosX: 200.000000
EnemyPosX: 15.000000
Obstacle1PosX: 1500.000000
Obstacle1PosY: 600.000000
Obstacle2PosX: 2250.000000
Obstacle2PosY: 600.000000
LifeX: 1280.000000
