Score: 25
Life: 1
Speed: -15
AgentPosX: 430.000000
EnemyPosX: 190.000000
Obstacle1PosX: 1020.000000
Obstacle1PosY: 600.000000
Obstacle2PosX: 270.000000
Obstacle2PosY: 768.000000
LifeX: 1280.000000
