Score: 10
Life: 1
Speed: -15
AgentPosX: 535.000000
EnemyPosX: 130.000000
Obstacle1PosX: 930.000000
Obstacle1PosY: 600.000000
Obstacle2PosX: 435.000000
Obstacle2PosY: 768.000000
