Score: 15
Life: 3
Speed: -15
AgentPosX: 215.000000
EnemyPosX: 30.000000
Obstacle1PosX: 375.000000
Obstacle1PosY: 600.000000
Obstacle2PosX: 1125.000000
Obstacle2PosY: 600.000000
LifeX: 1280.000000
