Score: 39
Life: 2
Speed: -18
AgentPosX: 775.000000
EnemyPosX: 230.000000
Obstacle1PosX: 1032.000000
Obstacle1PosY: 600.000000
Obstacle2PosX: 60.000000
Obstacle2PosY: 768.000000
LifeX: 1280.000000
