Score: 106
Life: 0
Speed: -19
AgentPosX: 605.000000
EnemyPosX: 170.000000
Obstacle1PosX: -100.000000
Obstacle1PosY: 600.000000
Obstacle2PosX: 1253.000000
Obstacle2PosY: 600.000000
LifeX: 1280.000000
