Score: 65
Life: 8
Speed: -21
AgentPosX: 630.000000
EnemyPosX: 65.000000
Obstacle1PosX: 912.000000
Obstacle1PosY: 768.000000
Obstacle2PosX: 1412.000000
Obstacle2PosY: 600.000000
LifeX: 1055.000000
