Score: 22
Life: 5
Speed: -17
AgentPosX: 740.000000
EnemyPosX: 25.000000
Obstacle1PosX: 232.000000
Obstacle1PosY: 768.000000
Obstacle2PosX: 990.000000
Obstacle2PosY: 600.000000
LifeX: 1280.000000
